43853325
43936296
43956541
44081078
44113492
44258535
44462845
44722906
44725218
44802035
43709438
43874524
44010195
44146912
44193642
44438280
44545455
44589638
44662058
44780617
44800974
44814057
44880781
43802050
43890576
43900424
43960928
44454827
44624958
44720202
44831478
43714411
43931458
43950495
44013141
44113372
44187154
44445590
44445919
44507844
44754652
44793826
44793837
44800388
43711394
43717641
43717675
43862493
43956284
43971795
43992522
44098469
44231618
44279708
44407719
44758435
44800643
44849486
43755502
43790722
43844519
43899110
43953212
44231293
44280051
44410940
44509953
44693030
44716180
44800207
43761505
44839557
44717026
43704207
43725838
43735746
43753262
43756468
43805286
43878256
43883580
43938107
43946328
43976611
43991720
43992805
44003952
44020962
44026170
44028597
44050347
44074125
44083756
44087170
44119134
44136330
44153277
44161494
44161968
44201352
44222537
44233986
44263854
44287105
44288435
44311328
44346519
44357242
44361069
44364817
44365836
44373317
44374971
44375428
44376502
44376785
44376991
44377349
44386947
44387909
44408005
44410009
44416763
44427976
44463496
44463551
44463603
44463615
44491403
44500009
44511019
44512030
44525519
44555067
44555262
44572127
44574072
44575143
44581015
44586689
44590847
44591918
44594310
44613247
44623469
44623927
44624211
44636646
44636672
44636715
44638787
44643870
44653976
44654188
44663491
